41954  3531  27725  36408  42267  19428  15237  
4600  4913  6339  
9740  19055  42432  27140  40333  30286  34541  
37855  46203  9080  18106  
26133  5451  33053  48514  
31769  38239  24582  19051  6021  35685  20966  5966  37333  
13809  25548  9649  33115  22538  6172  
9792  22188  25622  44363  2743  21407  
6474  49231  18692  42363  20994  
36222  6839  37197  7975  12627  
4292  25458  2162  3488  32238  
9392  25951  26395  45581  
5842  31841  36530  
1673  3705  49522  
41622  20285  23835  6522  
36809  17188  19783  36222  29230  28561  15115  
14939  38643  1856  8668  1797  16797  47052  
20886  30828  41901  28612  
29781  20911  33136  12475  37040  47252  
15331  18745  9287  15524  40496  22111  35303  14685  33167  
24988  40172  12902  37117  40110  47139  
32025  8441  14819  42408  
18403  7941  49727  24498  
37919  24628  3137  31512  
32986  45174  35510  33596  
22835  28096  11403  34843  17341  44818  6786  
4172  34851  32985  16847  24560  
23665  31669  41423  
8068  6665  9159  19642  39460  5286  31185  
24274  4268  2417  
48442  29541  31132  42583  40374  26807  6249  
7608  8261  23174  28962  40261  39127  27570  
43633  10937  47612  15125  1630  11588  8010  
40674  43983  46093  2985  
16155  15440  43478  8909  
14551  10894  28523  
49966  32479  38533  43052  13441  
15489  9264  4175  47284  3502  
24213  5356  2746  27285  28376  
15100  33324  48923  10020  
6255  2903  31571  41912  
6519  61  47278  
44071  20859  23631  14863  38983  9569  49384  
175  9656  30892  10518  
35336  36189  14078  36937  24901  
33801  22040  47588  7907  9886  
6953  11900  35005  33888  45233  45334  
24924  30012  36013  
48714  17357  8167  6634  
5689  33720  35833  26396  
33036  45506  33339  13030  272  
19587  34614  2053  
22846  19567  45170  24037  33119  28433  47804  
3282  20274  36239  19204  44396  
29926  25922  29803  
43577  46954  4386  23368  20891  43409  
43959  41812  37329  44648  34254  42026  
34749  733  41984  
8360  6865  26427  45915  16155  
28461  8326  44058  
37489  18062  10192  719  
1617  43835  20737  29947  41647  34848  
34809  47365  39921  21335  20551  
12229  43079  29949  1106  36994  
28650  49674  33499  35201  5960  
45980  3231  24050  37813  27466  34606  
6527  7196  27571  29267  8508  
41774  36973  43686  13165  18679  
6187  39341  13707  1713  
41599  26139  38728  3168  21664  18823  
34444  10800  48786  48126  23349  
35678  32027  20187  24512  11931  29989  
15003  19281  34486  27153  
42894  24356  42394  12901  
6821  41513  35958  18380  20019  6505  
23547  2537  31671  12451  9762  49429  
16910  37167  11544  14388  9776  13304  46554  35741  
41472  20844  39101  9533  
31639  13021  6212  43135  30248  
48272  44898  45132  9285  14144  
36328  3550  30961  15249  26449  48438  
44675  43457  10755  4462  
40623  24981  25381  41560  34914  
42746  5766  7589  7627  25821  46785  36292  24849  14911  
14227  48270  2769  46351  44879  
35615  48697  24300  11116  30420  25370  42870  3362  29160  
3780  36592  18125  22733  38983  
5058  21259  11906  17378  3961  44080  28904  
9063  30098  8258  3125  
8684  12683  45973  5555  
4551  46018  48763  22590  4099  28372  
4665  28716  16188  20094  24222  
17097  44553  44413  39317  32098  13996  
31915  37808  47621  36412  27923  
8453  41008  23731  40202  40052  
8201  15737  7739  36816  15732  
20288  34541  24818  25171  36968  15090  
38081  19293  31699  41153  41093  38143  10814  31499  6880  
26188  42054  40873  11088  1356  
19732  25389  15748  9671  13305  
42890  33412  12484  5784  44714  24895  
26256  35758  23200  45160  47435  44627  1719  21348  
38239  29766  17766  41309  20853  
44411  46628  41600  16956  
27830  21476  32751  13294  
23090  27871  1071  30783  14346  1312  
28858  28899  17663  24470  25984  
24785  47325  25763  9542  10317  4835  
29520  48130  2814  19905  
26395  38027  31305  19302  45315  
23337  14852  45886  14719  45151  16463  26160  35644  
4668  10020  47892  13925  1976  26785  
392  14160  15077  866  
31153  14029  17263  15208  4786  49766  
42719  48112  13695  48135  38253  
39705  36199  29335  38774  21232  
31082  16877  40978  48050  44303  10637  29227  
26549  15084  8275  35978  7934  31756  17109  
48951  6611  18425  
46466  22372  23449  42565  33342  31445  
44982  49125  47670  20004  5814  
8889  6106  21315  19571  22364  32933  
46457  21418  18533  25271  10733  10143  29849  
47461  9267  5238  49412  17302  
13475  11182  6985  46421  32555  24016  
30027  1256  21119  5154  4034  25976  
6317  37700  9988  18343  
16339  19236  6656  47013  4794  41877  
3485  35739  13368  19512  46491  30866  
44649  40759  18634  48695  
22763  19464  1944  15923  24460  
30114  47492  4769  48947  34175  
48068  6199  4308  8289  12094  47474  
928  28167  28905  31799  
32127  17332  10126  44916  
47635  20996  34451  13175  
28515  25158  13096  18603  16264  
10547  43082  46581  12695  46383  13698  3112  
45706  9016  4468  16695  6471  7342  15730  1876  
14919  12641  7833  26030  41300  32571  48391  15852  43426  19356  
661  15968  28399  
43741  10260  33087  8846  855  
32377  17448  47642  13942  7802  4966  35033  41850  1851  
11134  48362  30340  9318  
49743  23181  22077  32008  
8530  27247  40141  49892  
49936  32357  27417  41976  13423  
21203  22534  24278  6830  
10312  18473  32369  7679  7482  20967  
15047  8584  7682  17951  46341  13608  30909  
8117  6032  18004  9296  49698  2516  40047  8500  
43149  46104  42087  39218  5404  
30201  45526  17420  17224  37113  
15944  4094  3099  25628  
22410  48686  43897  49462  28196  16966  27469  5180  
4385  16676  13913  16136  34130  23470  30515  
7560  39484  19935  19065  36981  37535  1402  
18083  41734  17577  6125  28998  19316  
14929  47413  42651  45774  26076  
48126  25635  1528  7230  20759  
47217  25780  28182  40925  
13444  44007  40755  17095  38417  14464  34235  
39057  5920  44949  
24983  40929  49475  19922  23097  2614  
4561  36990  11392  
6898  41772  3897  6562  29946  5715  12674  41741  
15974  21654  20468  
2729  35207  27892  32930  24910  31626  
25566  24907  27113  495  19423  2468  32821  44770  33330  
38357  30027  32767  27454  42809  
30440  23800  30544  22441  
13034  31940  47123  
5215  31101  8838  
47430  10683  14277  9203  25976  23795  
31648  25808  45777  573  
9784  4616  22480  34469  11636  
33217  3152  44597  
42258  8718  22068  33142  25499  
48553  48086  34759  41336  37819  39434  
12953  18198  13321  28055  16484  18901  
6020  25603  17749  13137  22399  
36239  38171  18911  13988  46742  43768  21283  
41689  45925  10440  21278  41773  14281  
19996  4123  6708  9397  21680  
19840  21671  43326  48868  40957  
35415  29923  10382  41481  19757  19309  40119  10505  29636  
3977  46707  40728  37444  35198  35098  6528  
1394  48167  24788  46536  43810  41387  
46271  32005  38140  38289  
40273  19980  9595  42633  43634  23601  1250  20569  
33002  13229  19485  4722  26019  46144  
12163  19475  17878  8083  14836  
46082  961  11848  7244  
49282  35237  29717  41219  
33584  33131  7204  1829  16731  41641  3274  28064  
43283  19968  9455  8893  3237  
425  42125  45840  13851  36660  
27412  2668  42042  31220  
13300  18325  24312  44887  
33531  31804  26231  45787  4167  
23059  33774  45910  32489  
43235  42876  47645  13563  21130  33735  17768  
10334  41851  11570  30321  7483  34072  49981  13091  44871  
44124  12262  42471  46114  28866  22465  24101  
47653  6666  15688  41218  5146  11392  47573  14203  
14844  3532  44314  
28901  27327  21344  
12671  32198  18180  11596  
31742  38462  5614  47926  36959  41976  21123  5823  47289  
49376  19464  34619  28404  
45494  45781  1546  23778  47325  35757  21925  
5974  30737  41514  28779  
29690  40626  49719  37737  32343  7735  15674  
35739  28659  33567  31951  15915  
8713  32039  14474  17161  45878  30611  19628  37181  
34825  42240  46475  14652  42700  16604  33084  25192  
17074  12702  1392  26170  
1096  43207  12229  
32259  4680  13093  13359  
26867  48524  9095  10308  22204  23500  13624  
37436  33818  21749  
17291  9939  18620  25301  35779  
15534  44587  15111  42478  23449  18102  
14680  1472  31887  13097  
39791  11395  22756  5919  13704  14684  32464  
17221  19770  4111  47262  43179  39033  12963  
21164  7143  26754  27229  20968  18661  29449  12896  36379  
13025  18826  4084  26189  13908  47245  15243  
47195  17453  1306  39773  4601  
2297  12830  41680  11043  10268  47441  7673  
7954  29844  14751  
33918  20295  9864  34690  283  42155  
39043  35308  35147  8470  37945  14138  
23933  1904  7321  40016  23301  45300  16758  
26841  20044  6492  32717  
28280  34557  3918  39393  22554  41755  
18171  16922  38331  13383  28378  
14460  40083  19758  7395  
25677  28636  12960  
35051  35083  38381  3484  32311  6352  
4681  31110  29454  
46792  43301  25243  48429  
5911  27878  32363  10295  47885  6942  23305  38653  33023  
753  9173  24806  47673  25081  47874  
49443  22589  2619  41611  
46842  31823  6838  43426  30828  17171  31311  
26797  15  22123  
25481  26137  12414  43619  
25039  663  24207  17356  19050  
40124  27769  17153  40160  
3697  9693  25312  27850  16209  9979  
8003  26492  38446  43867  26761  
11341  37750  24901  41631  
16619  12661  12  13240  7418  32522  
42821  1972  48740  48854  47685  31452  
44571  4793  49926  29178  28434  25152  
33798  40365  31314  
46790  27112  21765  16827  17133  22462  
48392  44469  9858  44047  3047  
28190  21874  7056  40313  2808  
18896  44631  14562  33777  44594  
4300  11195  32435  39024  7406  38978  
7875  48826  39782  40968  29206  
3272  38430  17642  43602  19910  
35012  7439  42266  26393  32963  2429  24333  620  
36563  30506  9007  23006  49332  28723  
3817  9069  28296  32402  32597  14068  
30802  27400  540  
38104  43198  38861  23891  26299  48717  
46178  30243  14438  14377  30969  25450  
8827  4324  6920  19022  4426  
46848  18580  46092  17244  41643  45167  785  
2899  45756  4362  39050  24699  6921  40114  22521  
45720  33084  40205  45295  
18891  26579  35510  
37330  35844  33324  16083  
14274  16091  7693  20058  42317  396  
36010  48432  5933  
16699  31099  5326  34830  12730  
31358  15429  44858  23647  48906  24801  
959  37459  42701  14933  10794  12761  
5194  43089  41939  42031  29255  
22542  22115  21890  9943  39604  
27167  2777  10629  27355  35930  21255  25262  
20185  18340  22270  23580  
27404  45567  886  45095  39566  33754  18986  35434  
8940  25784  4460  46909  28171  
3003  4215  25812  40451  35783  
28256  31596  48796  34416  39836  
7418  16970  10999  22776  19291  18354  32438  4496  12197  
4166  31371  12123  
8116  15721  7015  41693  47973  7796  
22548  40814  16859  6166  
25638  3421  44608  4118  33006  33840  25779  25024  
41882  10509  41490  23101  
1653  32792  49835  31910  20928  42615  
24947  16029  30362  5554  35983  26470  4113  45773  
33543  44630  39535  6622  
6107  14652  21249  37859  
9713  41143  49017  41407  
40148  41867  46547  3761  46349  
33362  26504  178  25058  4299  47757  
11838  43042  41630  25900  42724  41809  
2762  42198  40668  16986  35156  2225  
34437  6342  28157  
46251  30061  48380  4347  33892  
35507  27404  8601  40722  
33295  25000  23886  
48903  18558  38095  173  
7204  13945  36973  9137  21674  40443  17447  26217  22995  43044  
18099  20689  23350  37730  
34301  29297  36508  3749  7325  16940  
33700  39697  7792  41196  35306  17538  
39425  
